beta= [0.5, -2]
alpha= 1
seed= 2433523
reps= 5000
direct:False



n= 1000

means: 
[[ 1.01439066  0.5077113  -2.02626132]
 [ 1.02463808  0.51599755 -2.04811929]
 [ 1.02721999  0.52126924 -2.06730093]
 [ 1.02744845  0.52561572 -2.07421767]]

standard deviations: 
[[0.1101572  0.09265875 0.14457649]
 [0.16129516 0.14012859 0.2122271 ]
 [0.16277967 0.10405336 0.18016047]
 [0.16344342 0.10946485 0.18463714]]

This took 46635.64716243744 s



n= 2000

means: 
[[ 1.00756409  0.50219724 -2.01415   ]
 [ 1.01365273  0.50648401 -2.02758375]
 [ 1.01473471  0.5092289  -2.03555785]
 [ 1.01465123  0.51182362 -2.03969864]]

standard deviations: 
[[0.0778399  0.065879   0.09879469]
 [0.11021503 0.09688475 0.14479596]
 [0.1105747  0.07143688 0.11924836]
 [0.11072426 0.07481219 0.12228035]]

This took 90428.59637737274 s



n= 4000

means: 
[[ 1.00241861  0.50250037 -2.00640034]
 [ 1.00547112  0.50464767 -2.01249492]
 [ 1.00604295  0.50600207 -2.01695352]
 [ 1.00602551  0.50723998 -2.01894135]]

standard deviations: 
[[0.05467132 0.04583565 0.06998306]
 [0.07730954 0.0673744  0.1002694 ]
 [0.07719927 0.04904421 0.08214253]
 [0.07731308 0.05164758 0.08406368]]

This took 188247.8280761242 s
