beta= [0.5, -2, 1.2]
alpha= 1
seed= 2433523
reps= 1000
direct:False



n= 1000

means: 
[[ 1.01805196  0.50802884 -2.03958095  1.22563393]
 [ 1.03045973  0.51712597 -2.06840161  1.24786248]
 [ 0.81982616  0.69626199 -2.15344134  1.63267815]
 [ 1.03637153  0.5426288  -2.11861106  1.28882354]]

standard deviations: 
[[0.11877623 0.09894254 0.15756791 0.11998661]
 [0.18215872 0.16261464 0.24072393 0.20195568]
 [0.16998789 0.1216963  0.21565675 0.17640194]
 [0.18699934 0.12554495 0.2133681  0.15669301]]

This took 20448.017809152603 s



n= 2000

means: 
[[ 1.00609078  0.50170798 -2.01117385  1.20671127]
 [ 1.01580406  0.50643865 -2.03022139  1.21972441]
 [ 0.80359314  0.67871998 -2.10015434  1.5895419 ]
 [ 1.01833048  0.52280568 -2.05586397  1.24563766]]

standard deviations: 
[[0.07799936 0.0646164  0.1037626  0.0836916 ]
 [0.12190178 0.10715223 0.15845125 0.13598823]
 [0.11010261 0.07657335 0.13547862 0.11009172]
 [0.12355698 0.07757683 0.133484   0.10117588]]

This took 31782.56474661827 s



n= 4000

means: 
[[ 1.00516765  0.50012147 -2.01004007  1.2048372 ]
 [ 1.01228966  0.5053064  -2.02326695  1.21315082]
 [ 0.79760069  0.67121932 -2.08358646  1.57579146]
 [ 1.01313879  0.50973103 -2.03438479  1.22528771]]

standard deviations: 
[[0.05726532 0.04638321 0.07576165 0.05952306]
 [0.08829189 0.0734001  0.11436082 0.09439418]
 [0.07983825 0.05359719 0.09735615 0.0788273 ]
 [0.08839141 0.05541795 0.09598653 0.07198426]]

This took 56123.426201581955 s
