beta= [0.5, -2, 1.2]
alpha= 1
seed= 2433523
reps= 50
direct:False



n= 1000

means: 
[[ 1.0045506   0.49766385 -2.02876569  1.22068423]
 [ 1.02539498  0.49807909 -2.05484828  1.23414797]
 [ 1.03044426  0.51586087 -2.08561239  1.25950773]
 [ 1.02774926  0.53942682 -2.1022669   1.29355946]]

standard deviations: 
[[0.11033189 0.09340513 0.1518595  0.12244843]
 [0.19417523 0.13197593 0.24537937 0.20404756]
 [0.19136097 0.10135032 0.20451601 0.13257965]
 [0.19048838 0.09512273 0.20054599 0.14742705]]

This took 626.4724378585815 s
