beta= [0.5, -2, 1.2]
alpha= 1
seed= 2433523
reps= 5000
direct:False



n= 1000

means: 
[[ 1.01733909  0.50748799 -2.02922031  1.21735961]
 [ 1.03964554  0.52043198 -2.0720429   1.24331338]
 [ 1.04659922  0.52429485 -2.09488189  1.25702206]
 [ 1.04513322  0.54093334 -2.11340136  1.28377077]]

standard deviations: 
[[0.11726256 0.09604072 0.15911832 0.12154718]
 [0.1797207  0.15702465 0.24627595 0.19793294]
 [0.18282035 0.10950621 0.20788941 0.14233428]
 [0.18415238 0.12088293 0.21759271 0.15707991]]

This took 76655.7065961361 s



n= 2000

means: 
[[ 1.00757038  0.50383891 -2.01566932  1.21016546]
 [ 1.01494125  0.50865516 -2.03367499  1.22117445]
 [ 1.01785413  0.51138741 -2.04458921  1.22880948]
 [ 1.01654836  0.5224095  -2.05655383  1.24630799]]

standard deviations: 
[[0.08091335 0.06631202 0.10877744 0.08390729]
 [0.12188455 0.10583387 0.16211026 0.13279009]
 [0.12247957 0.07262199 0.13235086 0.09305663]
 [0.12291674 0.08009692 0.13700184 0.10163797]]

This took 127401.01496267319 s



n= 4000

means: 
[[ 1.00424224  0.50274891 -2.00861362  1.20498507]
 [ 1.00996358  0.50465937 -2.01833821  1.21136837]
 [ 1.01145439  0.50651439 -2.02399403  1.21449611]
 [ 1.01066273  0.51313837 -2.03158678  1.22541855]]

standard deviations: 
[[0.05626844 0.04575098 0.07557173 0.05803291]
 [0.08529223 0.07529992 0.11232224 0.09373892]
 [0.08546765 0.05020719 0.09079608 0.06359679]
 [0.08563915 0.05514322 0.09501318 0.07056298]]

This took 249020.63539409637 s
