beta= [0.5, -2, 1.2, -0.7]
alpha= 1
seed= 2433523
reps= 5000
direct:False



n= 1000

means: 
[[ 1.02124124  0.50776913 -2.0391076   1.22429527 -0.7147819 ]
 [ 1.0439207   0.51974554 -2.08655829  1.25238038 -0.73065132]
 [ 1.05571459  0.52976592 -2.12110726  1.27527435 -0.7426668 ]
 [ 1.10509051  0.57596206 -2.22508605  1.356705   -0.76675399]]

standard deviations: 
[[0.11967458 0.09821092 0.15961672 0.12181884 0.08368603]
 [0.18708826 0.16495896 0.25691246 0.20467911 0.13248178]
 [0.19296063 0.1134623  0.21811564 0.14760399 0.10956413]
 [2.86069222 1.22053192 4.0719307  2.24717299 1.39814556]]

This took 88795.59258174896 s



n= 2000

means: 
[[ 1.00784571  0.50559481 -2.01853351  1.21099274 -0.7063667 ]
 [ 1.01925346  0.51152461 -2.04111182  1.22445633 -0.71409324]
 [ 1.02399421  0.51534631 -2.05624848  1.23429678 -0.71932715]
 [ 1.0200414   0.53007038 -2.07017955  1.25702407 -0.71677156]]

standard deviations: 
[[0.08483039 0.06748487 0.11044018 0.08518402 0.05918536]
 [0.12435852 0.11144179 0.16789377 0.14076329 0.08973181]
 [0.12553418 0.07431966 0.13562667 0.0959909  0.07185149]
 [0.12550936 0.08368826 0.142854   0.10718826 0.07648801]]

This took 145436.29056882858 s



n= 4000

means: 
[[ 1.00489871  0.50216096 -2.00949988  1.20621453 -0.70415826]
 [ 1.01076652  0.50568142 -2.02152751  1.21266046 -0.70810677]
 [ 1.01287459  0.50735177 -2.02833976  1.21789011 -0.71070734]
 [ 1.01086453  0.51674262 -2.03781206  1.23256251 -0.70947631]]

standard deviations: 
[[0.05855353 0.04673283 0.07686032 0.05917442 0.04028376]
 [0.08678752 0.07564617 0.11888006 0.09609974 0.0620159 ]
 [0.08738292 0.05061292 0.0924029  0.06497871 0.04852176]
 [0.08744949 0.05683766 0.09798208 0.07288176 0.05155533]]

This took 282380.30895876884 s
